e: 2 21.33691 -13.736889 64.0833 1.1892183 0.6439948
e: 2 20.83078 -13.807407 65.0932 1.036438 0.00616888