position: 762.50464 4.4868245 893.74774
rotation: 0.0 213.3575 0.0
