position: 752.61475 -15.373551 234.75424
rotation: 0.0 208.7645 0.0
