position: 34.82826 18.165194 20.195942
rotation: 0.0 185.19212 0.0
