position: 206.36076 -13.94978 630.3072
rotation: 0.0 439.5179 0.0
