position: 760.9937 7.970609 886.91064
rotation: 0.0 203.20901 0.0
