position: 434.72382 -11.100546 779.5705
rotation: 0.0 239.72514 0.0
