position: 510.74487 -11.528879 382.61987
rotation: 0.0 75.40668 0.0
