position: 256.35526 -4.106215 715.5101
rotation: 0.0 3.869831 0.0
