position: 253.2396 -4.106215 709.4383
rotation: 0.0 4.9799643 0.0
