position: 250.74902 -5.455208 713.5193
rotation: 0.0 6.6863346 0.0
