position: 173.94849 20.396236 90.953
rotation: 0.0 2.2931535 0.0
