position: 92.33791 8.213484 80.03742
rotation: 0.0 206.30855 0.0
