position: 330.85812 -9.749186 439.3468
rotation: 0.0 74.20658 0.0
