position: 25.844975 20.451633 33.107197
rotation: 0.0 2.144164 0.0
