position: 782.6019 14.020928 884.92725
rotation: 0.0 199.75069 0.0
