position: 772.34766 8.26904 891.0731
rotation: 0.0 200.9513 0.0
