zoom: 4.913809
pitch: 0.59413254
yaw: 0.8347418
inf: false
