zoom: 11.9
pitch: 0.82974523
yaw: 0.9974288
inf: false
