zoom: 10.907116
pitch: 0.66545665
yaw: -3.0809925
inf: false
