zoom: 11.9
pitch: 0.31413832
yaw: -2.424875
inf: false
