zoom: 4.027193
pitch: 0.708989
yaw: 1.7503434
inf: false
