zoom: 5.9092827
pitch: 0.124021426
yaw: -4.8039412
inf: false
