zoom: 11.9
pitch: 0.58325565
yaw: 0.23811854
inf: false
