zoom: 11.9
pitch: 0.0820291
yaw: 2.202727
inf: false
