zoom: 11.9
pitch: 0.4354505
yaw: 4.3291273
inf: false
