zoom: 9.9226
pitch: -0.5238799
yaw: 3.3003316
inf: false
