zoom: 11.9
pitch: 0.40751037
yaw: -1.8383713
inf: false
