zoom: 0.9
pitch: 0.7217599
yaw: 0.8484393
inf: false
