zoom: 11.9
pitch: 0.43896762
yaw: -4.146432
inf: false
