zoom: 11.9
pitch: 0.62436473
yaw: -3.544742
inf: false
