zoom: 5.02676
pitch: 0.6197681
yaw: 3.3607943
inf: false
