zoom: 11.9
pitch: 0.697336
yaw: -0.72823834
inf: false
