zoom: 2.8673854
pitch: 0.47360614
yaw: 0.32218197
inf: false
